106815800
102163100
100722700
104098800
107859700
102945700
97336200
103608700
105701700
109228600
107650400
110793800
111209800
106432300
91842400
87284600
76268400
83214300
82651400
84377800
84882200
83764200
79809600
76633700
82537000
88756200
94455400
93477800
85289100
90724400
91016900
89586900
89473800
88067200
90301900
88312900
89055200
90039300
87020700
91397800
90957100
88935600
89518000
87861800
89511500
87278100
86308300
88881000
90122500
90355200
91876200
90620400
94894800
91104000
92125800
89216400
89070800
90721800
86304400
92926600
83418400
93633800
90859600
92435200
95795700
90598300
89336000
90101700
92563900
88146500
90529400
88569000
89311300
91899600
93207400
91609700
95925700
84682000
88322000
88501400
90342200
89143600
87566700
88517000
85558200
85784400
89381500
90655500
86373300
86361600
87517300
87289800
87035000
92175200
85762300
83835700
73953100
89206000
92571700
87163700
88279100
85504900
88864100
90230400
89198200
82871100
88692500
86083400
88556000
87807200
95765800
85359300
90281100
88903100
90914200
91501800
88777000
89976900
91094900
88341500
90595700
90443600
85445100
90836200
88761400
87630400
87904700
87414600
93237300
92574300
89620700
86633300
86268000
91562900
86942700
88966800
92617200
92324700
87833200
87718800
90749100
89321700
96584800
89454300
95652700
92177800
87610900
83605600
90357800
85668700
85541300
87015500
83297500
86806200
82169100
88387000
82173000
88788700
86863400
91969800
89183900
91591500
83964400
84379100
92699100
81827200
92825200
92729000
91123500
77486500
90573600
87906000
93678000
94577600
91985400
89635000
85606300
86945300
91531700
90299300
85420400
93641600
87061000
90584000
87373000
87064900
88400000
92881100
88778300
90987000
86048300
91874900
88520900
95039100
96674500
90288900
84316700
85246200
93128100
87430200
93294500
86268000
84211400
80735200
84999200
89697400
87925500
89742900
85127900
91114400
95655300
91555100
87942400
90075700
89427000
90347400
90010700
89965200
88159500
88332400
86312200
88316800
86171800
87526400
87809800
88468900
86758100
85328100
90216100
91534300
87964500
89196900
85086300
87254700
85807800
86985600
83093400
84111300
78091000
76458200
80775500
84147700
89632400
87652500
88452000
86134100
85594600
82897100
85390500
86635900
88697700
79008800
75341500
82032600
83025800
94621800
86063900
91507000
92370200
92058200
90248600
82789200
80683200
82884100
88760100
89628500
90161500
90058800
92248000
84501300
91370500
83618600
89349000
83571800
83536700
88318100
90333100
85291700
88782200
86713900
88127000
88063300
93121600
86960900
90519000
87166300
89969100
90970100
89536200
90703600
92977300
86208200
81914300
91611000
89065600
83983900
88405200
84055400
88658700
86212100
92047800
81208400
92843400
94477500
83404100
82708600
82964700
93362100
89204700
84247800
87353500
90308400
91704600
84792500
93072200
91345800
83952700
81576300
80743000
82942600
90240800
80927600
80728700
85038200
85997600
93720900
92258400
96070000
96358600
84388200
82270500
95451200
90580100
79628900
82176900
87357400
89046100
91150800
86400600
90184900
90273300
88761400
87388600
87092200
84115200
91943800
85868900
80640300
91609700
75163400
